1010101010101010101010101010101010101010101010101010101010101010101010101010101010101010101010101010101010101010101010101010101010101010101010101010101010101010101010101010101010101010101
0110101001011001100110010101010101
0110011010101001100101010101010101
0110010101101010101001010101010101
0110010110101010101010010101010101
0110011001011001100101010101010101
0110101001010110011010010101010101
0110100101011010101001010101010101
0110100101011001100101010101010101
0101010101010101010101010101010101010101010101010101010101010101010101010101010101010101010101010101010101010101010101010101010101010101010101010101010101010101010101010101010101010101010101010101010101010101010101010101010101010101010101010101010101010101010101010101010101010101010101010101010101010101010101010101010101010101010101010101010101010101010101010101010101010101010101010101010101010101
0110101001011001100110010101010101
0110011010101001100101010101010101
0110010101101010101001010101010101
0110100110101010101001010101010101
0110101001100101011010010101010101
0110101010010101011010010101010101
0110100101011001100101010101010101
0101010101010101010101010101010101010101010101010101010101010101010101010101010101010101010101010101010101010101010101010101010101010101010101010101010101010101010101010101010101010101010101010101010
0110101001011001100110010101010101
0110011010101001100101010101010101
0110010101101010101001010101010101
0110010110101010101010010101010101
0110011001011001100101010101010101
0110101001010110011010010101010101
0110100101011010101001010101010101
0110100101011001100101010101010101
0101010101010101010101010101010101010101010101010101010101010101010101010101010101010101010101010101010101010101010101010101010101010101010101010101010101010101010101010101010101010101010101010101010101010101010101010101010101010101010101010101010101010101010101010101010101010101010101010101010101010101010101010101010101010101010101010101010101010101010101010101010101010101010101010101010101010